rank	city	AQI	PM2.5	PM10	CO	NO2	O3/1	O3/8	SO2
0	三亚	29.67	21.67	36.33	16.70	17.00	40.00	49.50	1.00
1	三门峡	75.00	44.07	67.60	3.68	45.60	23.40	25.00	64.50
2	上海	27.27	17.09	27.60	5.13	19.27	56.00	51.90	12.30
3	东莞	74.50	45.31	57.17	11.71	27.17	57.17	46.20	9.20
4	东营	27.60	12.40	34.80	10.94	15.40	48.75	52.75	19.25
5	中山	58.20	33.07	41.67	7.86	31.00	29.20	40.50	7.00
6	临安	33.00	23.00	67.00	19.34	18.33	125.00	57.50	7.50
7	临汾	109.00	69.92	119.50	6.80	53.57	68.00	26.83	312.00
8	临沂	49.60	25.31	43.20	9.65	21.00	40.50	39.50	22.50
9	丹东	26.80	14.40	32.20	8.90	9.20	43.25	40.50	21.00
10	丽水	25.75	20.50	30.33	11.86	20.25	37.67	45.67	4.33
11	义乌	67.00	32.50	48.67	8.33	23.00	19.67	17.00	10.00
12	乌鲁木齐	154.38	99.94	160.88	3.07	73.00	8.57	11.71	15.86
13	九江	37.89	26.11	17.00	3.10	16.00	17.25	21.25	6.12
14	乳山	22.67	8.33	38.00	17.72	9.33	57.50	52.00	21.50
15	云浮	159.00	90.60	114.00	4.29	68.50	15.25	46.00	21.00
16	佛山	70.11	45.10	68.29	2.80	57.56	18.56	32.62	19.62
17	保定	188.29	123.15	182.43	4.35	64.14	24.86	17.83	100.00
18	克拉玛依	59.17	25.31	58.67	11.72	28.17	51.67	68.80	3.60
19	兰州	70.33	39.27	68.33	8.85	26.00	40.67	48.60	18.60
20	包头	87.14	53.71	98.86	3.57	58.00	16.00	18.83	67.67
21	北京	60.62	39.10	59.50	2.05	57.08	11.92	14.67	20.83
22	北海	80.80	47.57	59.00	15.09	28.40	59.60	74.00	7.50
23	南京	34.90	19.70	36.78	2.78	19.80	37.56	24.67	8.22
24	南充	38.57	25.57	30.83	3.65	14.43	17.83	18.67	19.00
25	南宁	63.78	40.00	61.67	7.20	35.22	52.22	55.25	12.62
26	南昌	28.60	17.10	25.00	1.56	20.30	9.33	9.89	6.67
27	南通	30.40	17.20	38.40	11.91	10.80	60.50	58.25	13.50
28	即墨	23.33	14.33	25.33	12.78	13.00	36.50	37.50	25.50
29	厦门	38.40	26.80	37.80	9.98	17.40	49.25	47.25	4.25
30	句容	22.33	15.67	31.50	16.96	21.67	57.00	50.00	27.00
31	台州	37.00	24.00	38.00	10.23	10.75	48.00	40.67	3.00
32	合肥	51.91	33.04	14.00	3.30	15.36	30.55	28.90	15.30
33	吉林	93.50	60.01	72.29	5.32	37.50	34.88	40.14	33.71
34	吴江	20.75	18.25	23.00	8.68	23.25	26.00	34.00	4.33
35	呼和浩特	67.67	36.61	72.56	2.67	47.11	18.44	15.50	67.12
36	咸阳	61.40	33.97	57.20	5.68	22.50	25.60	26.25	28.50
37	哈尔滨	102.69	71.01	102.55	2.15	55.23	17.69	15.83	58.33
38	唐山	85.57	54.01	89.00	3.62	58.43	20.29	21.67	28.17
39	嘉兴	22.25	16.50	30.33	12.77	16.75	52.33	50.33	12.33
40	嘉峪关	88.67	19.48	92.33	16.63	34.00	36.67	53.50	11.50
41	大同	95.43	60.87	103.29	5.34	39.14	25.43	24.33	62.50
42	大庆	63.33	37.76	49.60	6.98	26.33	37.33	33.40	25.60
43	大连	52.20	26.96	51.00	5.07	23.11	44.60	48.33	35.67
44	天津	71.43	38.62	86.29	1.87	62.50	10.75	11.54	67.69
45	太仓	31.00	27.00	40.50	23.69	36.50	44.00	47.00	44.00
46	太原	72.20	46.97	73.10	2.85	41.00	23.50	15.33	118.11
47	威海	25.25	7.75	41.00	17.15	3.00	72.67	68.67	4.67
48	宁波	22.67	11.89	26.11	7.24	15.78	60.12	60.00	7.38
49	安阳	77.00	45.30	63.33	4.99	36.40	22.60	24.00	34.75
50	宜兴	46.33	29.00	34.50	8.08	19.33	24.00	23.50	10.50
51	宜宾	64.29	39.76	50.43	2.25	26.00	9.57	8.50	17.00
52	宜昌	75.17	45.92	58.00	4.61	26.33	20.33	18.80	22.60
53	宝鸡	58.22	35.93	54.00	4.11	26.00	18.67	10.00	17.62
54	宿迁	73.00	39.23	73.00	5.92	21.20	24.00	26.50	18.50
55	富阳	50.25	9.30	26.00	19.16	43.25	97.50	63.67	160.33
56	寿光	37.33	22.33	40.00	16.88	18.33	33.50	49.50	23.00
57	岳阳	40.43	24.14	38.83	4.85	14.43	34.00	22.17	24.00
58	常州	36.00	19.29	40.57	7.80	14.86	56.00	51.83	11.50
59	常德	33.67	21.33	28.00	2.71	8.67	16.60	9.40	4.50
60	常熟	35.00	18.33	42.33	14.03	10.33	44.00	42.00	12.50
61	平度	17.33	11.00	26.67	16.51	11.00	43.00	49.50	18.50
62	平顶山	78.20	40.17	68.40	12.27	30.40	51.60	57.00	26.50
63	广州	86.50	58.68	88.50	1.52	78.17	7.78	13.91	17.45
64	库尔勒	45.25	31.75	41.67	15.79	19.25	60.67	59.67	6.33
65	廊坊	97.00	58.09	89.00	2.18	47.80	12.60	9.00	40.50
66	延安	64.00	30.64	63.80	4.75	32.80	20.60	15.75	43.00
67	开封	53.00	26.60	51.40	8.41	33.60	36.40	39.25	28.25
68	张家口	32.17	19.00	35.50	9.02	8.83	59.40	51.40	18.40
69	张家港	39.33	16.67	51.33	14.53	7.00	60.50	43.00	13.00
70	张家界	29.00	17.80	32.00	6.89	16.80	35.00	26.00	7.50
71	徐州	82.00	52.05	87.50	4.57	32.12	31.25	28.86	61.00
72	德州	65.00	34.70	66.75	6.36	42.50	24.75	28.33	37.00
73	德阳	45.20	24.80	47.60	9.95	13.00	46.00	46.25	2.25
74	惠州	51.83	27.82	43.67	15.78	29.33	76.67	92.00	7.60
75	成都	68.62	40.40	73.38	4.79	31.71	27.88	25.00	9.00
76	扬州	41.00	20.40	47.40	13.02	9.80	59.25	63.50	10.50
77	承德	43.00	29.00	39.33	7.78	29.83	33.00	42.20	16.60
78	抚顺	78.29	45.54	94.71	3.26	43.71	15.29	21.50	31.00
79	拉萨	82.14	21.89	98.14	11.94	13.86	71.00	64.33	5.17
80	招远	33.33	18.00	31.67	14.10	45.67	35.50	41.50	99.00
81	揭阳	28.60	18.60	35.67	14.31	14.40	62.00	68.25	7.50
82	攀枝花	82.83	42.21	104.83	3.90	58.67	20.17	26.40	85.80
83	文登	19.00	8.67	33.33	25.17	12.33	52.50	50.50	23.00
84	无锡	44.50	30.25	43.38	5.21	30.12	29.86	33.71	18.57
85	日照	33.50	14.00	43.00	14.36	10.75	53.33	56.67	14.67
86	昆山	24.67	16.67	35.00	17.75	13.00	50.50	51.00	10.00
87	昆明	90.75	55.44	86.57	4.99	53.75	29.62	48.14	31.43
88	曲靖	53.00	24.57	41.00	29.81	43.00	64.33	94.50	16.50
89	本溪	69.57	44.02	69.33	3.37	58.71	20.57	18.17	73.50
90	杭州	43.08	30.75	31.67	3.17	30.08	33.00	29.09	10.09
91	枣庄	96.60	57.73	93.20	4.92	24.80	23.60	28.00	28.50
92	柳州	82.14	51.97	60.00	7.94	27.86	40.86	51.67	14.17
93	株洲	29.00	18.12	26.00	1.80	36.88	6.17	5.14	22.86
94	桂林	42.60	31.00	39.67	8.49	25.60	38.00	37.50	12.50
95	梅州	55.75	29.74	43.75	2.98	27.25	9.00	9.33	8.33
96	武汉	51.91	33.44	23.00	3.53	23.55	26.45	21.10	7.67
97	汕头	42.71	26.00	45.29	12.11	13.43	71.83	80.33	8.33
98	汕尾	52.00	27.44	21.00	21.32	32.25	64.25	97.33	7.33
99	江门	72.20	41.98	53.80	7.91	39.60	32.60	48.50	19.00
100	江阴	38.25	22.50	42.00	10.91	19.75	38.67	42.67	17.00
101	沈阳	147.92	101.79	150.25	2.24	63.58	24.75	17.36	171.73
102	沧州	67.75	34.82	78.25	2.46	60.25	29.00	12.33	105.67
103	河源	91.25	50.98	58.00	17.69	31.00	53.50	29.33	9.00
104	泉州	28.20	20.40	33.00	11.07	16.40	58.75	53.25	3.25
105	泰安	74.25	38.75	66.33	3.51	44.75	24.00	15.33	70.33
106	泰州	40.00	20.80	45.25	10.28	16.80	41.00	48.00	20.50
107	泸州	172.00	104.63	128.40	2.10	32.20	8.00	6.75	17.50
108	洛阳	55.38	34.87	40.17	4.22	30.12	27.62	16.86	35.43
109	济南	79.44	48.83	92.44	2.38	58.89	17.78	25.50	75.38
110	济宁	58.25	24.46	56.00	4.15	27.00	16.75	25.33	23.33
111	海口	30.33	18.50	31.33	6.59	6.50	31.80	37.40	4.40
112	海门	28.33	11.33	45.00	21.60	4.33	66.00	64.50	10.50
113	淄博	64.67	35.55	62.20	5.57	28.67	30.00	28.40	41.40
114	淮安	51.17	17.49	44.33	8.94	13.00	43.33	45.60	13.60
115	深圳	46.73	31.73	59.33	8.38	13.82	82.60	82.40	4.56
116	清远	148.75	85.11	132.25	3.83	55.25	13.75	25.33	22.33
117	温州	42.20	30.40	39.00	6.88	23.40	29.25	31.75	6.25
118	渭南	64.20	36.36	50.25	5.43	21.40	24.40	25.75	23.50
119	湖州	55.75	29.62	19.00	10.37	24.50	30.75	40.67	2.33
120	湘潭	86.38	57.06	42.00	2.71	27.12	11.75	6.86	11.71
121	湛江	42.43	26.86	45.00	13.91	7.43	94.33	90.17	6.33
122	溧阳	32.33	21.00	38.33	14.17	17.00	46.50	42.50	7.00
123	滨州	29.75	20.75	34.75	10.79	25.25	44.00	39.67	40.00
124	潍坊	36.50	14.67	41.50	10.48	8.33	43.00	62.60	12.60
125	潮州	94.00	51.18	31.50	28.15	34.50	65.00	84.33	9.33
126	烟台	31.86	16.14	35.00	8.02	15.71	41.67	54.17	20.67
127	焦作	96.80	58.16	86.80	7.11	42.80	25.20	33.25	31.25
128	牡丹江	58.33	34.28	46.80	9.56	23.33	49.83	60.40	27.00
129	玉溪	44.25	18.20	39.33	7.60	26.25	34.75	43.00	55.33
130	珠海	57.40	32.70	14.00	14.61	24.80	55.20	68.75	6.00
131	瓦房店	40.67	26.00	31.00	9.25	63.00	16.00	18.00	139.50
132	盐城	51.60	23.31	45.20	11.26	21.00	45.80	60.25	10.75
133	盘锦	77.25	43.04	75.50	3.13	43.00	15.25	16.33	41.33
134	石嘴山	55.00	16.09	53.40	8.78	22.40	39.20	44.25	28.00
135	石家庄	117.22	78.57	106.33	3.24	46.33	26.00	24.12	73.00
136	福州	51.29	32.67	41.14	9.14	21.86	50.71	57.50	3.50
137	秦皇岛	89.83	51.07	107.00	1.83	57.67	13.20	17.40	50.20
138	章丘	78.33	38.64	75.67	5.62	35.33	35.00	16.00	75.00
139	绍兴	51.25	21.85	47.75	7.06	31.00	25.00	27.00	17.00
140	绵阳	35.40	21.00	41.80	11.97	11.00	55.50	56.50	6.75
141	聊城	42.75	33.75	36.25	5.49	40.00	13.50	18.00	36.67
142	肇庆	158.25	90.10	129.75	3.56	64.25	23.50	21.67	62.33
143	胶南	33.50	18.50	50.00	28.26	14.00	57.00	56.00	15.00
144	胶州	25.33	20.67	28.67	16.57	46.00	44.50	49.50	77.50
145	自贡	96.60	57.86	78.60	8.02	19.60	30.20	36.25	10.25
146	舟山	20.25	8.25	33.00	17.47	4.50	70.33	69.00	1.67
147	芜湖	35.00	22.80	32.00	13.35	13.80	34.75	64.50	13.50
148	苏州	31.11	22.33	31.00	4.34	41.67	25.00	35.62	13.25
149	茂名	66.60	38.58	51.00	15.54	35.80	61.60	85.25	11.50
150	荆州	57.75	30.28	46.00	12.08	22.50	37.00	39.67	12.33
151	荣成	15.67	6.00	30.67	18.43	4.33	56.00	55.50	7.00
152	莱州	29.33	18.33	36.33	13.41	17.00	42.00	39.00	24.50
153	莱芜	80.00	44.30	55.00	4.40	24.25	23.00	10.00	49.33
154	莱西	28.67	19.33	36.00	18.33	36.33	48.00	54.50	70.00
155	菏泽	55.75	24.07	49.75	10.72	27.75	39.25	35.67	38.67
156	营口	73.60	42.97	70.25	3.68	56.40	26.00	25.50	86.00
157	葫芦岛	102.80	59.10	123.80	3.18	47.20	17.20	14.00	62.25
158	蓬莱	23.33	12.67	36.00	17.50	16.33	48.00	52.00	12.00
159	衡水	74.75	40.11	86.75	4.82	51.25	23.50	24.00	57.67
160	衢州	28.50	23.75	24.67	7.62	25.00	23.67	27.67	6.67
161	西宁	77.20	35.28	88.20	13.33	32.80	53.00	61.00	18.50
162	西安	94.07	62.66	78.10	3.09	28.83	15.92	15.50	34.62
164	贵阳	57.30	33.62	59.30	3.34	26.40	23.50	33.56	23.56
165	赤峰	40.00	22.40	37.40	5.92	38.00	20.25	24.50	94.00
166	连云港	38.40	14.20	47.20	10.56	16.80	55.25	51.25	19.25
167	遵义	30.17	21.17	32.83	7.53	18.00	44.00	39.60	6.20
168	邢台	83.00	49.25	73.50	4.99	46.60	31.80	23.50	77.50
169	邯郸	62.20	31.98	68.25	7.70	39.80	35.00	42.75	33.25
170	郑州	68.40	44.48	51.25	3.08	41.40	23.44	43.33	18.67
171	鄂尔多斯	59.50	13.79	62.50	5.44	33.00	29.67	30.40	31.40
172	重庆	56.88	37.19	47.44	1.96	28.47	14.00	7.69	8.06
173	金华	64.50	34.72	37.00	5.40	31.50	17.75	15.67	13.33
174	金坛	23.33	16.33	36.50	18.54	12.33	52.00	52.00	11.00
175	金昌	88.75	27.48	98.00	11.69	20.25	40.50	45.67	38.33
176	铜川	99.20	59.27	81.33	10.09	32.00	40.80	34.00	37.75
177	银川	43.71	23.86	45.17	4.99	18.14	35.50	31.50	25.00
178	锦州	95.17	57.97	101.17	3.52	43.00	21.17	21.20	64.60
179	镇江	27.60	17.40	37.50	11.96	17.80	54.50	56.75	9.75
180	长春	109.55	73.48	108.64	2.84	53.55	24.64	23.90	75.30
181	长沙	38.18	27.64	13.00	1.86	30.18	13.50	7.50	14.60
182	长治	101.83	63.68	98.00	5.23	32.17	22.50	25.00	30.60
183	阳江	72.25	39.74	48.33	17.98	44.25	52.50	98.33	2.67
184	阳泉	85.14	42.54	107.00	5.69	39.71	38.71	37.50	58.00
185	青岛	29.90	15.20	34.22	5.93	17.20	53.67	53.11	22.89
186	鞍山	80.38	42.39	91.75	4.79	38.12	31.00	20.14	63.71
187	韶关	84.83	52.14	72.50	4.76	42.17	19.50	41.40	13.20
188	马鞍山	54.33	32.01	30.67	5.05	18.50	23.33	27.00	15.20
189	齐齐哈尔	38.50	21.40	40.17	4.63	12.17	48.60	24.00	23.60
